0010010000110110000011100111100111110111
0111010000110111011101011111000101000001
0011100100111100000001000011111100011111
0101110001010101100101000110101001011000
0100111001000011111110101001001101111111
0111100010001010101000111100010111111001
                                        
Working ::                              
[101m1 10011101    0  010 0 001 0110010010 00
0 1 11 1 11 1 011 0 00     0 011 11  11 
111  0 01 1 11   110  0 11110 101  0 11 
 0  001 000 0111  00 1  11010  0 00001 1
[0m