1000011011000001110011110011111011101101
1000011011101110101111100010100000100110
0010011110000000100001111110001111101000
1000101010110010100011010100101100001001
1100100001111111010100100110111111111001
0001000101010100011110001011111100100001
                                        
Working ::                              
[101m1 10011101    0  010 0 001 0110010010 00
0 1 11 1011 1 011 0 00 0   0 011011 111 
111  0 01 1 11   110  0 11110 101  0 11 
 0  001 000 0111  00 1  11010  0100001 1
[0m