0000110110000011100111100111110111011010
0000110111011101011111000101000001001101
0100111100000001000011111100011111010000
0001010101100101000110101001011000010011
1001000011111110101001001101111111110011
0010001010101000111100010111111001000010
                                        
Working ::                              
[101m1 10011101    0  010 0 001 0110010010 00
0 1 11 1011 1 011 0 00 0   0 011011 111 
111  0 01 1 11   110  0 11110 101  0 11 
 0  001 000 0111  00 11 11010  0100001 1
[0m