0001101100000111001111001111101110110101
0001101110111010111110001010000010011011
1001111000000010000111111000111110100001
0010101011001010001101010010110000100110
0010000111111101010010011011111111100110
0100010101010001111000101111110010000101
                                        
Working ::                              
[101m1 10011101    0  010 0 001 0110010010 00
0 1 11 1011 1 011 0 00 0   01011011 111 
111  0 01 1 11   110  0 11110 101  0 11 
 0  001 000 0111  00 11 11010  0100001 1
[0m