0011011000001110011110011111011101101010
0011011101110101111100010100000100110110
0011110000000100001111110001111101000010
0101010110010100011010100101100001001101
0100001111111010100100110111111111001101
1000101010100011110001011111100100001011
                                        
Working ::                              
[101m1 10011101    0  010 0 001 0110010010 00
0 1 11 1011 1 011 0 00 0   01011011 111 
111  0 01 1 11   110  0 11110 101  0111 
 0  001 000 0111  00 11 11010  0100001 1
[0m