0110110000011100111100111110111011010101
0110111011101011111000101000001001101101
0111100000001000011111100011111010000100
1010101100101000110101001011000010011010
1000011111110101001001101111111110011010
0001010101000111100010111111001000010111
                                        
Working ::                              
[101m1 10011101    0  010 0 001 0110010010 00
0 1 11 1011 1 011 0 00 0  001011011 111 
111  0 01 1 11   110  0 11110 101  0111 
 0  001 000 0111  00 11 11010  0100001 1
[0m