0110000011100111100111110111011010101111
0111011101011111000101000001001101101001
1100000001000011111100011111010000100000
0101100101000110101001011000010011010110
0011111110101001001101111111110011010010
1010101000111100010111111001000010111011
                                        
Working ::                              
[101m1 100111010   0  010 0 001 0110010010 00
0 1 11 1011 1 011 0 00 0  001011011 111 
111  0 01 1 11   1101 0 11110 1010 0111 
 0  001 000 0111  00 11 11010  0100001 1
[0m