0001111011111001100001111001110101110010
1100101000000101101001011011001100101111
0010010101011110011011101111000100001101
1101100110011011100100101111000111101111
0011001111111001001110011101101000010000
1110000101111110110101100000000010001100
                                        
Working ::                              
[101m1  0 1 1                    1           
         1                           1  
                               0        
          0   1      1   1       0      
[0m