1110011110011111011101101010111101101000
0101111100010100000100110110100110110110
0100001111110001111101000010000011101100
0100011010100101100001001101011011111110
1010100100110111111111001101001011001010
0011110001011111100100001011101100101001
                                        
Working ::                              
[101m1 100111010   01 010 0 001 0110010010 00
0 1 11 1011 1 011 0 00 001001011011 111 
1110 0 01 1 11   110110 11110 1010 0111 
10 0001 000 01110 00 11 11010  0100001 1
[0m