0011110011111011101101010111101101000001
1111100010100000100110110100110110110010
0001111110001111101000010000011101100000
0011010100101100001001101011011111110111
0100100110111111111001101001011001010100
1110001011111100100001011101100101001001
                                        
Working ::                              
[101m1 100111010   01 010 0 001 0110010010 00
0 1 11 1011 1 011 0 00 001001011011 111 
1110 0 01 1 11   110110 11110 101010111 
1000001 000 01110 00 11 110101 0100001 1
[0m