0111100111110111011010101111011010000011
1111000101000001001101101001101101100101
0011111100011111010000100000111011000000
0110101001011000010011010110111111101110
1001001101111111110011010010110010101000
1100010111111001000010111011001010010011
                                        
Working ::                              
[101m1 100111010   01 010 0 001 0110010010 00
0 1 11 1011 1 011 0 00 001001011011 111 
1110 0 01 1 11   110110 11110 101010111 
10000011000 01110 00 11 110101 0100001 1
[0m