1110011111011101101010111101101000001101
1100010100000100110110100110110110010101
1111110001111101000010000011101100000010
1010100101100001001101011011111110111001
0100110111111111001101001011001010100000
0001011111100100001011101100101001001100
                                        
Working ::                              
[101m10100111010   01 010 0 001 0110010010 00
0 1 11 1011 1 011 0 00 001001011011 111 
1110 0 01 1 110  110110 11110 101010111 
10000011000 01110 00 11 110101 0100001 1
[0m