1100111110111011010101111011010000011011
1000101000001001101101001101101100101010
1111100011111010000100000111011000000101
0101001011000010011010110111111101110010
1001101111111110011010010110010101000001
0010111111001000010111011001010010011001
                                        
Working ::                              
[101m10100111010 1 01 010 0 001 0110010010 00
0 1 11 1011 1 011 0 00 001001011011 111 
1110 0 01 1 110  110110 11110 101010111 
10000011000 01110 00 11 110101 0100001 1
[0m