0011111011101101010111101101000001101101
0010100000100110110100110110110010101011
1110001111101000010000011101100000010111
0100101100001001101011011111110111001000
0110111111111001101001011001010100000100
1011111100100001011101100101001001100111
                                        
Working ::                              
[101m10100111010 1 01 010 01001 0110010010 00
0 1 11 1011 1 011 0 00 001001011011 111 
1110 0 01 1 110 1110110 11110 101010111 
10000011000 01110 00 11 110101 0100001 1
[0m