0011110111110011000011110011101011100101
1001010000001011010010110110011001011111
0100101010111100110111011110001000011011
1011001100110111001001011110001111011111
0110011111110010011100111011010000100001
1100001011111101101011000000000100011000
                                        
Working ::                              
[101m1  0 1 1                    1           
         1                           1  
                               0        
          0  11      1   1       0      
[0m