0111110111011010101111011010000011011011
0101000001001101101001101101100101010110
1100011111010000100000111011000000101110
1001011000010011010110111111101110010001
1101111111110011010010110010101000001001
0111111001000010111011001010010011001111
                                        
Working ::                              
[101m10100111010 1 01 010 01001 0110010010 00
0 1 11 1011 1 011 0 00 001001011011 111 
1110 0 01 1 110 1110110011110 101010111 
10000011000 01110 00 11 110101 0100001 1
[0m