1110110101011110110100000110110111001000
0010011011010011011011001010101101110011
1110100001000001110110000001011100000011
0000100110101101111111011100100010010100
1111100110100101100101010000010011001000
0010000101110110010100100110011111111010
                                        
Working ::                              
[101m10100111010 1 01 01000100100110010010 00
011 1111011 1 011 0 0000010010110111111 
1110 0 01 1 110 1110110011110 101010111 
10000011000 01110 00011 110101 0100001 1
[0m