1101101010111101101000001101101110010001
0100110110100110110110010101011011100111
1101000010000011101100000010111000000110
0001001101011011111110111001000100101001
1111001101001011001010100000100110010000
0100001011101100101001001100111111110101
                                        
Working ::                              
[101m10100111010 1 01 01000100100110010010 00
011 1111011 1 011 0 0000010010110111111 
1110 0 01 1 110 1110110011110 101010111 
10000011000 01110 00011 11010110100001 1
[0m