1011010101111011010000011011011100100010
1001101101001101101100101010110111001111
1010000100000111011000000101110000001100
0010011010110111111101110010001001010011
1110011010010110010101000001001100100001
1000010111011001010010011001111111101011
                                        
Working ::                              
[101m10100111010 1 01 01000100100110010010 00
011 1111011 1 011 0 0000010010110111111 
111010 01 1 110 1110110011110 101010111 
10000011000 01110 00011 11010110100001 1
[0m