1010101111011010000011011011100100010100
1101101001101101100101010110111001111001
0000100000111011000000101110000001100010
0011010110111111101110010001001010011011
0011010010110010101000001001100100001110
0010111011001010010011001111111101011100
                                        
Working ::                              
[101m10100111010 1 01 01000100100110010010 00
01101111011 1 011 0 0000010010110111111 
111010 01 1 110 1110110011110 1010101111
10000011000 01110100011 11010110100001 1
[0m