0101011110110100000110110111001000101001
1011010011011011001010101101110011110011
0001000001110110000001011100000011000101
0110101101111111011100100010010100110111
0110100101100101010000010011001000011101
0101110110010100100110011111111010111000
                                        
Working ::                              
[101m10100111010 1 01 01000100100110010010 00
0110111101111 011 0 0000010010110111111 
111010 01 1 110 1110110011110 1010101111
10000011000 01110100011 11010110100001 1
[0m