0101111011010000011011011100100010100100
1101001101101100101010110111001111001101
0100000111011000000101110000001100010110
1010110111111101110010001001010011011100
1010010110010101000001001100100001110101
0111011001010010011001111111101011100000
                                        
Working ::                              
[101m10100111010 1 01 01000100100110010010 00
0110111101111 011 0 0000010010110111111 
111010 01 1 110 1110110011110 1010101111
10000011000 0111010001101101011010000111
[0m