1011110110100000110110111001000101001000
1010011011011001010101101110011110011011
1000001110110000001011100000011000101101
0101101111111011100100010010100110111001
0100101100101010000010011001000011101011
1110110010100100110011111111010111000001
                                        
Working ::                              
[101m10100111010 1 01001000100100110010010 00
0110111101111 011 0 0000010010110111111 
111010 01 1 110 1110110011110 1010101111
10000011000 0111010001101101011010000111
[0m