1110110100000110110111001000101001000111
0011011011001010101101110011110011011111
0001110110000001011100000011000101101111
1101111111011100100010010100110111001010
0101100101010000010011001000011101011110
0110010100100110011111111010111000001100
                                        
Working ::                              
[101m10100111010 1 01001000100100110010010 00
01101111011110011 000000010010110111111 
111010 01 11110 1110110011110 1010101111
10000011000 0111010001101101011010000111
[0m