1111011111001100001111001110101110010101
0101000000101101001011011001100101111111
0010101011110011011101111000100001101111
1100110011011100100101111000111101111100
1001111111001001110011101101000010000100
0000101111110110101100000000010001100000
                                        
Working ::                              
[101m1  0 1 1                    1 0         
         1                           1  
                         1     0        
          0  11      1   1       0      
[0m