1101101000001101101110010001010010001110
0110110110010101011011100111100110111110
0011101100000010111000000110001011011110
1011111110111001000100101001101110010100
1011001010100000100110010000111010111101
1100101001001100111111110101110000011000
                                        
Working ::                              
[101m10100111010 1 01001000100100110010010 00
01101111011110011 0000000100101101111111
111010 01 11110 1110110011110 1010101111
10000011000 0111010001101101011010000111
[0m