1011010000011011011100100010100100011100
1101101100101010110111001111001101111100
0111011000000101110000001100010110111101
0111111101110010001001010011011100101000
0110010101000001001100100001110101111010
1001010010011001111111101011100000110000
                                        
Working ::                              
[101m10100111010 1 01001000100100110010010 00
01101111011110011 0000000100101101111111
111010 01 1111001110110011110 1010101111
10000011000 0111010001101101011010000111
[0m