0110100000110110111001000101001000111000
1011011001010101101110011110011011111001
1110110000001011100000011000101101111010
1111111011100100010010100110111001010000
1100101010000010011001000011101011110100
0010100100110011111111010111000001100000
                                        
Working ::                              
[101m10100111010 1 01001000100100110010010 00
01101111011110011 0000000100101101111111
111010 01 111100111011001111011010101111
10000011000 0111010001101101011010000111
[0m