1110111110011000011110011101011100101011
1010000001011010010110110011001011111110
0101010111100110111011110001000011011111
1001100110111001001011110001111011111001
0011111110010011100111011010000100001000
0001011111101101011000000000100011000000
                                        
Working ::                              
[101m1  0 1 1                    1 0         
         1      1                    1  
                         1     0        
          0  11      1   1       0      
[0m