1101111100110000111100111010111001010111
0100000010110100101101100110010111111101
1010101111001101110111100010000110111111
0011001101110010010111100011110111110011
0111111100100111001110110100001000010000
0010111111011010110000000001000110000001
                                        
Working ::                              
[101m1  001 1                    1 0         
         1      1                    1  
                         1     0        
          0  11      1   1       0      
[0m