1011111001100001111001110101110010101111
1000000101101001011011001100101111111011
0101011110011011101111000100001101111110
0110011011100100101111000111101111100111
1111111001001110011101101000010000100001
0101111110110101100000000010001100000010
                                        
Working ::                              
[101m1  001 1                    1 0         
    1    1      1                    1  
                         1     0        
          0  11      1   1       0      
[0m