0111110011000011110011101011100101011111
0000001011010010110110011001011111110111
1010111100110111011110001000011011111100
1100110111001001011110001111011111001111
1111110010011100111011010000100001000011
1011111101101011000000000100011000000101
                                        
Working ::                              
[101m1  001 1                    1 0         
    1    11     1                    1  
                         1     0        
          0  11      1   1       0      
[0m