1111100110000111100111010111001010111110
0000010110100101101100110010111111101111
0101111001101110111100010000110111111000
1001101110010010111100011110111110011111
1111100100111001110110100001000010000111
0111111011010110000000001000110000001011
                                        
Working ::                              
[101m1  001 1                    1 0         
    1  1 11     1                    1  
                         1     0        
          0  11      1   1       0      
[0m