1111001100001111001110101110010101111100
0000101101001011011001100101111111011111
1011110011011101111000100001101111110000
0011011100100101111000111101111100111110
1111001001110011101101000010000100001111
1111110110101100000000010001100000010110
                                        
Working ::                              
[101m1  001 1                    1 0         
    1  1 11     1                    1  
                         1     0        
          0  11      1   10      0      
[0m