1001100001111001110101110010101111100011
0101101001011011001100101111111011111000
1110011011101111000100001101111110000111
1011100100101111000111101111100111110111
1001001110011101101000010000100001111100
1110110101100000000010001100000010110111
                                        
Working ::                              
[101m1  001 1                    1 0         
    1  1 11     1   0      0         1  
                         1     0        
         00  11      1   10      0      
[0m