0011000011110011101011100101011111000110
1011010010110110011001011111110111110000
1100110111011110001000011011111100001110
0111001001011110001111011111001111101111
0010011100111011010000100001000011111000
1101101011000000000100011000000101101111
                                        
Working ::                              
[101m1  001 1                    1 0         
    1  1 11     1   0      0         1  
                         1     0      1 
         00  11      1   10      0      
[0m