1100001111001110101110010101111100011010
1101001011011001100101111111011111000001
0011011101111000100001101111110000111001
1100100101111000111101111100111110111100
1001110011101101000010000100001111100010
0110101100000000010001100000010110111101
                                        
Working ::                              
[101m1  001 1                    1 0         
    1  1 11     1   0      0         1  
                         1     0      1 
     0   00  111     1   10      0      
[0m