0001111001110101110010101111100011010011
1001011011001100101111111011111000001010
1011101111000100001101111110000111001100
0100101111000111101111100111110111100011
1110011101101000010000100001111100010110
0101100000000010001100000010110111101111
                                        
Working ::                              
[101m1  001 1               0    1 0         
    1  1 11 1  11   0      0         1  
                         1     0      1 
     0   00  111     1   10      0      
[0m