0011110011101011100101011111000110100111
0010110110011001011111110111110000010100
0111011110001000011011111100001110011000
1001011110001111011111001111101111000110
1100111011010000100001000011111000101101
1011000000000100011000000101101111011111
                                        
Working ::                              
[101m1  001 1               0    1 0         
    1  1 11 1  11   0      0         1  
                         1    10      1 
     0   00  111     1   10      0      
[0m