1001110101110010101111100011010011111101
1011001100101111111011111000001010001111
1111000100001101111110000111001100001001
1111000111101111100111110111100011000100
1101101000010000100001111100010110101010
0000000010001100000010110111101111110100
                                        
Working ::                              
[101m1  001 1         0     0    1 0         
    1  1 11 1  11   0      0         1  
       0     1     0     1    10     11 
     0   00  111     1   10      0      
[0m