0011101011100101011111000110100111111011
0110011001011111110111110000010100011110
1110001000011011111100001110011000010011
1110001111011111001111101111000110001000
1011010000100001000011111000101101010101
0000000100011000000101101111011111101000
                                        
Working ::                              
[101m1  001 1         0     0    1 0         
    1  1 11 1  11   0      0         1  
       0     1     0     1    10     11 
     0   00  111   0 1   10      0      
[0m