1101011100101011111000110100111111011001
0011001011111110111110000010100011110100
0001000011011111100001110011000010011010
0001111011111001111101111000110001000100
1010000100001000011111000101101010101011
0000100011000000101101111011111101000001
                                        
Working ::                              
[101m1  001 1         0     0    1 0         
    1  1 11 1  11   0      0         1  
       0     1     0    11  0 10     11 
     0   00  111   0 1  110      0      
[0m