0101110010101111100011010011111101100101
1100101111111011111000001010001111010001
0100001101111110000111001100001001101011
0111101111100111110111100011000100010001
1000010000100001111100010110101010101111
0010001100000010110111101111110100000110
                                        
Working ::                              
[101m1  001 1         0     0    1 0         
    1  1 11 1  11   0      0         1  
       0  1  1     0    11  0 10     11 
     0   00  111   0 1  1101     0      
[0m