1011100101011111000110100111111011001011
1001011111110111110000010100011110100011
1000011011111100001110011000010011010110
1111011111001111101111000110001000100011
0000100001000011111000101101010101011110
0100011000000101101111011111101000001101
                                        
Working ::                              
[101m1  001 1         0     0    110         
    1  1 11 1  11   0      0         1  
       0  1  1     0    11  0 10     11 
     0   00  111   0 1  1101     0      
[0m