1110010101111100011010011111101100101100
0101111111011111000001010001111010001101
0001101111110000111001100001001101011011
1101111100111110111100011000100010001101
0010000100001111100010110101010101111000
0001100000010110111101111110100000110101
                                        
Working ::                              
[101m1  001 1         0     0   0110         
    1  1 11 1  11   0      0         1  
       0  1  1     0    11  0 10     11 
     0   00  111   0 1  11010    0      
[0m