0010101111100011010011111101100101100100
1111111011111000001010001111010001101011
1101111110000111001100001001101011011010
1111100111110111100011000100010001101111
0000100001111100010110101010101111000111
1100000010110111101111110100000110101010
                                        
Working ::                              
[101m1 1001 1         0     0   0110         
    1  1 11 1 011   0      0         1  
       0  1  1     0    11  0 10     11 
     0   00  111   0 1  11010    00     
[0m