0101011111000110100111111011001011001001
1111110111110000010100011110100011010111
1011111100001110011000010011010110110101
1111001111101111000110001000100011011111
0001000011111000101101010101011110001111
1000000101101111011111101000001101010101
                                        
Working ::                              
[101m1 1001 1         0     0   0110         
    1  1 11 1 011   0      0         1  
       0  1  1     0  0 11  0 10     11 
     0   00  111   0 1  11010    00     
[0m