1010111110001101001111110110010110010010
1111101111100000101000111101000110101110
0111111000011100110000100110101101101010
1110011111011110001100010001000110111111
0010000111110001011010101010111100011111
0000001011011110111111010000011010101010
                                        
Working ::                              
[101m1 1001 1         01    0   0110         
    1  1 11 1 011   0      0         1  
       0  1  1     0  0 11  0 10     11 
     0   00  111   0 1  11010    00     
[0m