1011111000110100111111011001011001001001
1110111110000010100011110100011010111001
1111100001110011000010011010110110101001
1001111101111000110001000100011011111110
1000011111000101101010101011110001111110
0000101101111011111101000001101010101000
                                        
Working ::                              
[101m1 1001 1         01    0   01100        
    1  1 11 1 011   0      0         1  
       0  1  1     0  0 11  0 10     11 
     0   00  111   0 1  11010    000    
[0m