1111100011010011111101100101100100100111
1011111000001010001111010001101011100111
1110000111001100001001101011011010100100
0111110111100011000100010001101111111000
0001111100010110101010101111000111111011
0010110111101111110100000110101010100001
                                        
Working ::                              
[101m1 1001 1         01    0   01100        
    1  1 11 1 011   0      0  1   1  1  
       0  1  1     0  0 11  0 10     11 
     0   00  111   0 1  11010    000    
[0m