1110001101001111110110010110010010011101
1111100000101000111101000110101110011111
1000011100110000100110101101101010010001
1111011110001100010001000110111111100011
0111110001011010101010111100011111101111
1011011110111111010000011010101010000110
                                        
Working ::                              
[101m1 1001 1         01    0   01100        
    1  1 11 1 011   0      0  1   1  1  
       0  1  1     0  0 111 0 101    11 
     0   00  111   0 1  11010    000    
[0m