1000110100111111011001011001001001110100
1110000010100011110100011010111001111110
0001110011000010011010110110101001000111
1101111000110001000100011011111110001110
1111000101101010101011110001111110111110
1101111011111101000001101010101000011011
                                        
Working ::                              
[101m1 1001 1         01    0   01100        
    1  1 11 1 011   0      0  11  1  1  
       01 1  1     0  0 111 0 101    11 
     0   00  111   0 1  11010    000    
[0m