0001101001111110110010110010010011101000
1100000101000111101000110101110011111101
0011100110000100110101101101010010001110
1011110001100010001000110111111100011101
1110001011010101010111100011111101111101
1011110111111010000011010101010000110110
                                        
Working ::                              
[101m1 1001 1         01    0   01100        
    1  1 11 1 011   0      0  11  1  1  
       01 1  1    10  0 111 0 101    11 
     0   00  111   0 1  11010    000    
[0m