0011010011111101100101100100100111010001
1000001010001111010001101011100111111011
0111001100001001101011011010100100011101
0111100011000100010001101111111000111010
1100010110101010101111000111111011111011
0111101111110100000110101010100001101101
                                        
Working ::                              
[101m1 1001 1         01    0   01100       0
    1  1 11 1 011   0      0  11  1  1  
       01 1  1    10  0 111 0 101    11 
     0   00  111   0 1  11010    000    
[0m