0100111111011001011001001001110100010010
0010100011110100011010111001111110110111
0011000010011010110110101001000111010011
1000110001000100011011111110001110100101
0101101010101011110001111110111110110100
1011111101000001101010101000011011010111
                                        
Working ::                              
[101m1 1001 1         01    0   011001      0
    1  1 11 1 011 0 0      0  11 11  1  
       01 1  1    10  0 111 0 101    11 
     0  000  111   0 1  11010    000    
[0m