1111101100101100100100111010001001001000
0001111010001101011100111111011011101000
0001001101011011010100100011101001110010
1000100010001101111111000111010010111000
0101010101111000111111011111011010011100
1110100000110101010100001101101011110001
                                        
Working ::                              
[101m1 100111      0  01    0   011001 0    0
    1  1 11 1 011 0 0      0  11 11  1  
 1     01 1  1    10  0 111 0 101    11 
     0  000 0111   0 1  11010    000    
[0m