1111011001011001001001110100010010010000
0011110100011010111001111110110111010000
0010011010110110101001000111010011100100
0001000100011011111110001110100101110001
1010101011110001111110111110110100111001
1101000001101010101000011011010111100010
                                        
Working ::                              
[101m1 100111      0  01  0 0   011001 0    0
    1  1 11 1 011 0 0      0  11 11  1  
 1     01 1  1    10  0 111 0 101    11 
     0  000 0111   0 1  11010    000    
[0m