1011001011001001001110100010010010000110
1110100011010111001111110110111010000110
0011010110110101001000111010011100100111
1000100011011111110001110100101110001010
0101011110001111110111110110100111001000
1000001101010101000011011010111100010001
                                        
Working ::                              
[101m1 100111      0  01  0 0   011001 0    0
    1  1 11 1 011 0 0      0  11 11  1  
 1     01 1 11    10  0 11110 101  0 11 
     0  000 0111   0 1  11010    000    
[0m