0010110010010011101000100100100001101100
1000110101110011111101101110100001101110
0101101101010010001110100111001001111000
1000110111111100011101001011100010101011
0111100011111101111101101001110010000111
0011010101010000110110101111000100010101
                                        
Working ::                              
[101m1 100111      0  01  0 0   011001 0   00
    1  1 11 1 011 0 00     0  11 11  1  
11     01 1 11    10  0 11110 101  0 11 
    00  000 0111   0 1  11010    000    
[0m