1011001001001110100010010010000110110000
0011010111001111110110111010000110111011
0110110101001000111010011100100111100000
0011011111110001110100101110001010101100
1110001111110111110110100111001000011111
1101010101000011011010111100010001010101
                                        
Working ::                              
[101m1 100111      0  01  0 00  011001 0 0 00
    1  1 11 1 011 0 00     0  11 11  1  
11     01 1 11    10  0 11110 101  0 11 
    00  000 0111   0 1  11010    000    
[0m