1111000111101111100110000111100111010111
0101110010100000010110100101101100110010
0111001001010101111001101110111100010000
0100110110011001101110010010111100011110
1101001100111111100100111001110110100001
1010111000010111111011010110000000001000
                                        
Working ::                              
[101m1    1 1                    1           
         1                           1  
                                        
              1          1       0      
[0m