0110010010011101000100100100001101100000
0110101110011111101101110100001101110111
1101101010010001110100111001001111000000
0110111111100011101001011100010101011001
1100011111101111101101001110010000111111
1010101010000110110101111000100010101010
                                        
Working ::                              
[101m1 1001110     0  01  0 00  011001 0 0 00
    1  1 11 1 011 0 00     0  11 11  1  
11     01 1 11    10  0 11110 101  0 11 
    00  000 0111   0 1  11010    000    
[0m