1100100100111010001001001000011011000001
1101011100111111011011101000011011101110
1011010100100011101001110010011110000000
1101111111000111010010111000101010110010
1000111111011111011010011100100001111111
0101010100001101101011110001000101010100
                                        
Working ::                              
[101m1 1001110     0  01  0 00  011001 0 0 00
    1  1 11 1 011 0 00     0  11 11  1  
111    01 1 11    10  0 11110 101  0 11 
    00  000 0111   0 1  11010    000    
[0m