0011101000100100100001101100000111001111
0011111101101110100001101110111010111110
0010001110100111001001111000000010000111
1100011101001011100010101011001010001101
1101111101101001110010000111111101010010
0000110110101111000100010101010001111000
                                        
Working ::                              
[101m1 1001110     0  01  0 00  011001 0 0 00
0   11 1 11 1 011 0 00     0 011 11  11 
111    01 1 11   110  0 11110 101  0 11 
    001 000 0111  00 1  11010    000 1  
[0m