0111010001001001000011011000001110011110
0111111011011101000011011101110101111100
0100011101001110010011110000000100001111
1000111010010111000101010110010100011010
1011111011010011100100001111111010100100
0001101101011110001000101010100011110001
                                        
Working ::                              
[101m1 1001110     0  010 0 00  011001 0 0 00
0   11 1 11 1 011 0 00     0 011 11  11 
111    01 1 11   110  0 11110 101  0 11 
    001 000 0111  00 1  11010    000 1  
[0m