1000100100100001101100000111001111001111
1101101110100001101110111010111110001010
1110100111001001111000000010000111111000
1101001011100010101011001010001101010010
1101101001110010000111111101010010011011
0110101111000100010101010001111000101111
                                        
Working ::                              
[101m1 1001110     0  010 0 001 011001 0 0 00
0 1 11 1 11 1 011 0 00     0 011 11  11 
111    01 1 11   110  0 11110 101  0 11 
 0  001 000 0111  00 1  11010  0 00001  
[0m