1001001000011011000001110011110011111011
1011101000011011101110101111100010100000
1001110010011110000000100001111110001111
0010111000101010110010100011010100101100
1010011100100001111111010100100110111111
1011110001000101010100011110001011111100
                                        
Working ::                              
[101m1 10011101    0  010 0 001 0110010010 00
0 1 11 1 11 1 011 0 00     0 011 11  11 
111  0 01 1 11   110  0 11110 101  0 11 
 0  001 000 0111  00 1  11010  0 00001  
[0m